   0.999893  0.00743845   0.0125617  0.00418088
-0.00753825     0.99994  0.00791563 -0.00217578
 -0.0125021 -0.00800948     0.99989  0.00303329
          0           0           0           1
