    0.999992  -0.00390533 -0.000377077 -0.000111387
  0.00390714      0.99998   0.00492285  0.000309402
 0.000357844  -0.00492429     0.999988   0.00240903
           0            0            0            1
     0.99994   -0.0105947   0.00292996 -0.000370049
   0.0105774     0.999927   0.00585354 -0.000353133
 -0.00299177  -0.00582219     0.999979    0.0015703
           0            0            0            1
    0.999917  -0.00480598    0.0119739   0.00063318
  0.00480176     0.999988  0.000381345  -0.00291446
  -0.0119756 -0.000323817     0.999928     0.002837
           0            0            0            1
   0.999908  0.00706393   0.0116093 0.000396952
-0.00713807    0.999955  0.00635708 -0.00132307
 -0.0115639 -0.00643936    0.999913  0.00388536
          0           0           0           1
    0.999798    0.0160363    0.0121515  0.000886824
  -0.0161747     0.999805    0.0113836 -9.28983e-05
  -0.0119665   -0.0115779     0.999862   0.00383905
           0            0            0            1
    0.999649    0.0216671    0.0152264   0.00221325
   -0.021831     0.999705    0.0106831 -4.94354e-05
  -0.0149904   -0.0110118     0.999827   0.00499371
           0            0            0            1
   0.999501   0.0260032   0.0179664  0.00361858
 -0.0261888    0.999606    0.010176 9.57456e-05
 -0.0176947  -0.0106415    0.999787  0.00538902
          0           0           0           1
  0.999154  0.0351438  0.0213621  0.0074514
-0.0353699   0.999322  0.0103015 0.00254295
-0.0209856 -0.0110484   0.999719  0.0104692
         0          0          0          1
  0.998945  0.0387899   0.024602 0.00952137
-0.0391754   0.999115  0.0153855 0.00615923
-0.0239834 -0.0163331   0.999579  0.0143849
         0          0          0          1
  0.998857  0.0405028  0.0253959 0.00973129
-0.0411036   0.998877  0.0235972  0.0116903
-0.0244116  -0.024614   0.999399 0.00951105
         0          0          0          1
  0.998863  0.0404351  0.0252812  0.0114514
-0.0411878   0.998702   0.029996  0.0160818
-0.0240354 -0.0310032   0.999231  0.0176539
         0          0          0          1
  0.998822  0.0439941  0.0205098    0.01289
-0.0446741   0.998425  0.0339695  0.0220098
 -0.018983 -0.0348457   0.999213   0.021163
         0          0          0          1
   0.998845   0.0469605   0.0102034   0.0127808
 -0.0472818    0.998306   0.0339351   0.0227604
-0.00859244  -0.0343783    0.999372   0.0234825
          0           0           0           1
   0.998562   0.0535784 -0.00195554   0.0120572
 -0.0534866    0.998039   0.0325422    0.023124
 0.00369527  -0.0323908    0.999469   0.0259468
          0           0           0           1
  0.997929   0.062104 -0.0168061  0.0111398
-0.0615019    0.99752  0.0342416  0.0241516
 0.0188909 -0.0331371   0.999273  0.0275128
         0          0          0          1
  0.996381  0.0688716 -0.0498219  0.0202016
-0.0675835   0.997347  0.0270946  0.0186819
 0.0515558 -0.0236294   0.998391  0.0400322
         0          0          0          1
  0.995474  0.0694626 -0.0648706  0.0202916
-0.0678554    0.99734  0.0266604  0.0197365
 0.0665499 -0.0221379   0.997538  0.0426935
         0          0          0          1
  0.994351    0.07164 -0.0783332  0.0206004
-0.0698843   0.997244  0.0249335  0.0211517
 0.0799035 -0.0193183   0.996616  0.0442675
         0          0          0          1
  0.993122  0.0728765 -0.0916497  0.0215364
-0.0710994   0.997216  0.0225122  0.0222502
 0.0930352 -0.0158411   0.995537  0.0455093
         0          0          0          1
  0.992334    0.07414 -0.0988828   0.024154
-0.0719162   0.997076  0.0258718  0.0254411
  0.100512 -0.0185622   0.994763  0.0487515
         0          0          0          1
  0.989693   0.079464  -0.119144  0.0297538
-0.0763598   0.996617   0.030404  0.0310147
  0.121157 -0.0209928   0.992412  0.0537696
         0          0          0          1
  0.988529  0.0791925  -0.128614  0.0323208
-0.0763013   0.996713  0.0272609  0.0315546
   0.13035 -0.0171348    0.99132  0.0560743
         0          0          0          1
